
In [13]: run r2.py
288 0.019 0.005 7 7 6 10
288 0.020 0.005 7 9 6 10
288 0.015 0.015 6 10 7 6
288 0.019 0.039 7 11 6 9

In [14]: fig = plt.figure()

In [15]: run r2.py
24 0.001 0.027 7 7 6 8
288 0.018 0.004 7 7 6 10
48 0.005 0.001 6 8 6 7
24 0.001 0.038 7 8 6 7
24 0.002 0.050 7 8 6 8
288 0.017 0.003 7 8 6 10
36 0.002 0.003 6 9 7 6
24 0.001 0.078 7 9 6 6
24 0.002 0.076 7 9 6 7
24 0.001 0.086 7 9 7 8
36 0.005 0.001 7 9 7 9
288 0.018 0.010 7 9 6 10
288 0.008 0.002 7 9 7 10
288 0.010 0.007 6 10 7 6
36 0.002 0.002 7 10 6 7
36 0.002 0.001 7 10 7 8
288 0.007 0.001 7 10 7 10
288 0.064 0.104 7 11 6 9

In [16]: run r2.py
132 0.001 0.000 6 6 6 9
72 0.000 0.000 6 6 7 10
84 0.001 0.000 6 7 6 8
156 0.001 0.001 6 7 7 9
288 0.018 0.002 7 7 6 10
288 0.004 0.002 6 8 6 8
108 0.003 0.000 6 8 7 8
288 0.008 0.000 7 8 6 9
288 0.019 0.004 7 8 6 10
156 0.008 0.000 7 8 7 10
120 0.006 0.000 6 9 6 6
84 0.004 0.000 6 9 7 7
288 0.018 0.009 7 9 6 10
288 0.007 0.002 7 9 7 10
288 0.008 0.007 6 10 7 6
72 0.009 0.000 7 10 6 9
288 0.006 0.001 7 10 7 10
84 0.002 0.001 7 11 6 8
288 0.022 0.036 7 11 6 9
84 0.005 0.000 7 11 7 9
288 0.004 0.001 7 11 7 10

In [17]: run r2.py
348 0.001 0.000 6 7 6 8
348 0.016 0.000 7 7 6 10
240 0.004 0.000 6 8 6 8
348 0.017 0.002 7 8 6 10
348 0.007 0.000 7 8 7 10
348 0.012 0.000 7 9 6 9
336 0.015 0.001 7 9 6 10
348 0.008 0.001 7 9 7 10
348 0.008 0.005 6 10 7 6
348 0.009 0.000 7 10 6 9
204 0.006 0.000 7 10 7 10
348 0.036 0.052 7 11 6 9
348 0.004 0.001 7 11 7 10

In [18]: run r2.py
540 0.026 0.033 5 6 5 6
540 0.000 0.000 5 6 6 6
276 0.003 0.000 6 7 5 7
180 0.001 0.000 6 7 6 8
216 0.001 0.000 6 7 7 9
468 0.016 0.000 7 7 6 10
540 0.005 0.004 6 8 5 7
420 0.005 0.000 6 8 6 8
540 0.009 0.000 7 8 6 9
540 0.019 0.002 7 8 6 10
324 0.007 0.000 7 8 7 10
540 0.007 0.000 7 9 5 8
168 0.009 0.000 7 9 5 9
432 0.016 0.000 7 9 6 10
540 0.008 0.002 7 9 7 10
540 0.008 0.005 6 10 7 6
228 0.004 0.000 7 10 5 8
480 0.006 0.000 7 10 7 10
312 0.004 0.000 7 11 5 7
408 0.003 0.000 7 11 6 9
324 0.006 0.000 7 11 7 10

In [19]: run r2.py
840 0.042 0.067 5 6 5 6
840 0.007 0.002 7 9 7 10

In [20]: fig = plt.figure()

In [21]: run r2.py
696 0.037 0.059 5 6 5 6
612 0.003 0.001 6 8 5 7
696 0.017 0.000 7 8 6 10
696 0.006 0.000 7 9 5 8
480 0.014 0.000 7 9 6 10
696 0.008 0.001 7 9 7 10
696 0.011 0.010 6 10 7 6
576 0.003 0.000 7 11 6 9

In [22]: run r2.py
888 0.057 0.091 5 6 5 6
888 0.000 0.000 5 6 6 6
828 0.004 0.000 6 8 5 7
888 0.006 0.000 7 8 6 9
564 0.020 0.001 7 8 6 10
492 0.009 0.000 7 8 7 10
636 0.015 0.000 7 9 6 10
888 0.009 0.002 7 9 7 10
504 0.006 0.000 6 10 7 6
888 0.005 0.000 7 10 5 8
732 0.004 0.000 7 11 6 9

In [23]: run r2.py
1596 0.026 0.048 5 6 5 6
1596 0.000 0.000 5 6 6 6
480 0.016 0.000 7 7 6 10
528 0.003 0.000 6 8 5 7
1596 0.008 0.000 7 8 6 9
708 0.007 0.000 7 8 7 10
840 0.015 0.000 7 9 6 10
1596 0.007 0.001 7 9 7 10
1596 0.009 0.005 6 10 7 6
600 0.003 0.000 7 11 6 9

In [24]: run r2.py
2988 0.055 0.095 5 6 5 6
2988 0.001 0.000 5 6 6 6
624 0.017 0.000 7 7 6 10
552 0.003 0.001 6 8 5 7
2988 0.010 0.000 7 8 6 9
564 0.020 0.000 7 8 6 10
2988 0.007 0.000 7 9 5 8
2988 0.012 0.000 7 9 6 9
492 0.015 0.000 7 9 6 10
2988 0.007 0.002 7 9 7 10
720 0.004 0.000 7 11 6 9

In [25]: run r2.py
2988 0.052 0.078 5 6 5 6
2988 0.000 0.000 5 6 6 6
2988 0.137 0.237 6 7 6 9
1248 0.000 0.000 6 7 7 9
528 0.003 0.000 6 8 5 7
2988 0.003 0.001 6 8 6 8
2988 0.009 0.000 7 8 6 9
696 0.018 0.000 7 8 6 10
888 0.017 0.001 7 9 6 10
2988 0.008 0.001 7 9 7 10
924 0.005 0.000 6 10 7 6
2988 0.008 0.000 7 10 6 9
468 0.005 0.000 7 10 7 10
720 0.004 0.000 7 11 6 9
468 0.004 0.000 7 11 7 10

In [26]: 
