In [19]: run r2.py
840 0.042 0.067 5 6 5 6
840 0.007 0.002 7 9 7 10

In [20]: fig = plt.figure()

In [21]: run r2.py
696 0.037 0.059 5 6 5 6
612 0.003 0.001 6 8 5 7
696 0.017 0.000 7 8 6 10
696 0.006 0.000 7 9 5 8
480 0.014 0.000 7 9 6 10
696 0.008 0.001 7 9 7 10
696 0.011 0.010 6 10 7 6
576 0.003 0.000 7 11 6 9

In [22]: run r2.py
888 0.057 0.091 5 6 5 6
888 0.000 0.000 5 6 6 6
828 0.004 0.000 6 8 5 7
888 0.006 0.000 7 8 6 9
564 0.020 0.001 7 8 6 10
492 0.009 0.000 7 8 7 10
636 0.015 0.000 7 9 6 10
888 0.009 0.002 7 9 7 10
504 0.006 0.000 6 10 7 6
888 0.005 0.000 7 10 5 8
732 0.004 0.000 7 11 6 9
